2.120998344699117730e-05 2.096423850315337181e-05 2.710524705121143023e-05 2.635521278366531896e-05 2.178886588953044857e-05 4.114546660987433501e-05 2.566832000845544633e-05 5.521525321370028463e-05 2.644584387034925140e-05 7.505794168809368325e-05 4.280992089338189174e-05 2.853516403086985725e-05 4.774109251721191837e-05 4.207816638202024152e-05 3.080350586878422930e-05 3.009527034017060436e-05 3.912640188886077730e-05 4.517831661184663753e-05 3.621134832168272497e-05 4.063567372848780711e-05
3.569639030168737781e-05 1.697591590632188804e-05 3.196538211793847016e-05 5.999130291829516559e-05 3.123796036944094702e-05 2.700194497086697893e-05 6.602317521684824750e-05 3.339572699611620144e-05 3.001565553401800484e-05 3.344574010333279513e-05 3.375632492698550489e-05 1.886105775999702248e-05 1.981296560469171086e-05 5.677745367314639499e-05 2.310799444175707057e-05 2.876438106692482866e-05 3.336637733020624333e-05 2.132691314259173841e-05 3.667906607197674620e-05 4.723620938866898060e-05
3.209641763858631081e-05 2.837583797396516595e-05 3.556782994392836090e-05 3.580682019343729244e-05 6.951685783802572850e-05 3.907953820592143586e-05 3.021763264555373752e-05 3.978680279258313722e-05 3.787279534787840399e-05 2.780094523213789002e-05 3.113051668675516386e-05 3.063355018662281275e-05 3.170230442957715764e-05 2.297315730151551074e-05 3.739960543416267542e-05 4.064408601270605095e-05 4.138234646709223032e-05 3.164056320202499685e-05 4.452298756096224490e-05 3.583612855136033941e-05
2.367696501897539614e-05 6.082386020357888291e-05 3.344506121820657937e-05 1.187148943098255203e-05 2.663967179924343215e-05 2.672168093948571653e-05 1.424093445847264327e-05 2.802775048671846323e-05 3.175603971006158604e-05 2.338487572532975444e-05 3.044300012882196097e-05 9.068260505686596192e-05 2.369892880841786137e-05 1.556347563537889474e-05 2.214629920325873448e-05 4.040913759015672831e-05 2.863151941464448845e-05 2.482744922786632967e-05 3.382347117910270399e-05 1.726412032401301047e-05
4.877810838495683180e-05 2.053514590221163370e-05 2.312459531958190753e-05 1.222852670710232783e-05 7.683442182097578949e-04 0.000000000000000000e+00 2.662194180443521531e-05 3.042287800425919967e-05 2.914262400186512600e-05 1.073018938784269470e-04 8.087212499595638278e-05 0.000000000000000000e+00 0.000000000000000000e+00 6.546216286986121112e-05 1.894585275283240371e-05 0.000000000000000000e+00 1.784121320249776801e-05 2.914262400186512600e-05 1.457361758827448259e-04 0.000000000000000000e+00
1.830684561608256208e-05 3.275482531562646030e-05 7.051574128316951643e-05 3.786314195236128305e-05 5.406866720735334288e-05 3.738935985101778261e-05 2.747647326976276479e-05 3.568115321487190072e-05 1.640621795660555493e-05 4.278828607744679732e-05 1.972880481382837566e-05 2.023128031818286396e-05 1.870557426112981692e-05 1.433163401101488232e-05 3.555271133864846086e-05 2.800532101099209069e-05 8.537350910232264698e-05 1.640621795660555493e-05 2.930145335208626177e-05 2.997847000790341605e-05
3.159491111298340203e-05 6.262636115347781701e-05 3.807017894232305605e-05 1.056100033795201171e-05 3.110484406104843712e-05 2.150950389156562942e-05 9.340368786499287412e-06 3.530609563846558212e-05 4.089902345716299280e-05 3.330321564266518566e-05 2.269933508409230656e-05 6.877433553411206688e-05 2.510904499540863021e-05 1.531169908035579823e-05 2.761142744944041009e-05 3.490720054992266653e-05 4.815100154083205099e-05 2.831470854726668993e-05 3.820842922899885143e-05 1.881396748946417819e-05
2.417985572906902235e-05 2.774960209301722283e-05 3.171987020605981819e-05 4.550515370777321320e-05 3.652243782054961078e-05 3.434519123610632743e-05 3.796338377401590515e-05 5.185371879996860219e-05 3.324633874694549228e-05 4.189682596932860448e-05 2.614036806516903828e-05 2.489141618847194652e-05 3.249074013906036684e-05 3.822915444222774721e-05 2.933289282532879839e-05 3.310493182410876651e-05 3.610326989011521028e-05 3.918318495175718443e-05 3.619221686376344644e-05 4.063135604586688655e-05
5.342364251685748116e-05 3.666990339680648996e-05 2.807986574520659982e-05 3.377402614342547670e-05 2.744086493606278293e-05 1.824596435760338442e-05 4.246833573564664800e-05 3.042287800425919967e-05 4.995878400319736273e-05 3.193508746381754537e-05 4.005095714085459512e-05 2.473595534459985921e-05 4.430267588162324882e-05 4.883685166481709788e-05 3.879388897008539629e-05 3.632269078493334644e-05 2.973535533749628002e-05 2.359164800150986423e-05 4.263030995209542634e-05 2.766297642561148793e-05
3.787338703928138338e-05 2.204072751283051878e-05 3.115705691496552482e-05 1.675543322848155301e-05 2.631948343627175761e-05 3.780072577393486501e-05 2.674993190926423185e-05 2.570586927523343831e-05 3.859996592554732528e-05 4.655767270446168959e-05 3.989173088742849568e-05 2.596332903595473452e-05 8.194930069930070262e-05 5.182421227197346727e-05 4.759234645843716957e-05 3.105157287576947110e-05 3.177966101694915297e-05 8.784819831331458506e-05 3.042843232716650547e-05 4.377865511971472233e-05
5.917777002114352029e-05 3.335849999915548362e-05 2.900585062272232535e-05 1.961328634191087574e-05 1.579928587227857312e-05 2.584292042649643470e-05 2.518136053796144963e-05 2.564872507069039057e-05 2.756564218358238449e-05 4.854133294500266490e-05 6.053156022424614405e-05 2.861818504276604519e-05 3.826140189776553369e-05 4.666422576870338023e-05 3.584128854107255689e-05 3.341543984266101579e-05 3.962139555359894133e-05 4.314622254821590233e-05 3.424845196997095866e-05 4.300335426163240729e-05
5.201339108395907241e-05 1.857941772104862113e-05 4.632784572528484643e-05 5.452924664289507839e-05 3.724117384179948773e-05 2.179089457565204293e-05 6.365722819223795011e-05 1.671188706696551625e-05 2.636713600168749512e-05 2.253704743875123849e-05 2.822272117205825399e-05 4.433803316484880507e-05 3.865182436611007649e-05 1.692219176227704916e-05 2.816101242512844143e-05 3.107733326474887382e-05 2.767208578346592776e-05 4.708417143158481440e-05 2.556402307758546421e-05 2.815695814749741147e-05
3.707136237256719271e-05 3.706593835349199993e-05 3.295254833040422001e-05 3.485130111524163677e-05 3.649635036496350678e-05 6.115317414094350223e-05 1.770359129994941984e-05 3.757225433526011988e-05 1.661129568106312385e-05 3.567787971457696592e-05 3.380454824830977115e-05 2.979515828677840070e-05 2.525252525252525250e-05 6.633499170812603865e-05 2.879769618430525472e-05 1.890359168241965808e-05 4.406779661016949502e-05 2.768549280177187309e-05 3.955696202531645643e-05 2.207505518763796908e-05
4.734063957204061643e-05 3.296112809844185928e-05 3.582267860410674900e-05 2.419278269951285969e-05 3.585103179269499520e-05 3.890369390573635467e-05 2.285616614644045335e-05 2.839070147745210477e-05 3.807435159379236471e-05 4.205643974213394700e-05 4.467827416279555592e-05 3.073174479481072626e-05 4.713143220019448367e-05 4.398440019939594533e-05 2.970292828440129662e-05 3.404379641562152003e-05 3.130098897805600611e-05 5.330409223130930382e-05 3.264032229986819645e-05 3.469556807487303635e-05
3.793852874385531438e-05 2.966187741430569350e-05 3.511512622603178187e-05 2.536287020732334711e-05 5.691438653405614362e-05 3.632974236536140768e-05 2.070595473678294449e-05 3.492997104192722963e-05 4.965039644762206627e-05 3.179315374175613421e-05 4.193369444234775579e-05 3.339613258264634895e-05 3.445763679681808166e-05 3.879239281176960659e-05 1.824415450272749974e-05 4.299062435897908215e-05 3.303928370832920228e-05 4.965039644762206627e-05 5.397636143805363974e-05 3.012190766344362072e-05
3.229136210457084883e-05 3.033302423858329398e-05 3.176274706730910916e-05 5.507039759064808057e-05 2.249123274446672373e-05 3.464925497889777739e-05 4.807598355249867857e-05 3.055267459209439238e-05 3.228552372237914440e-05 2.247006950499886671e-05 3.001028653559358419e-05 2.780716656890019970e-05 2.753297372875472166e-05 4.048651425655950111e-05 3.446986625521249788e-05 3.539662817992778472e-05 3.326356554890909194e-05 2.913571652995190973e-05 3.244064674273404832e-05 3.453315104015420938e-05
3.179682948202029345e-05 3.385916085188074034e-05 3.835042624392821857e-05 3.211993442844334942e-05 2.946224045607548161e-05 4.907299063734354630e-05 4.032243657765616549e-05 2.595614869081852160e-05 3.352431015350781582e-05 3.137308148463593255e-05 3.628228735943714469e-05 2.968992816164850462e-05 3.440051371433813381e-05 2.719333035461776480e-05 3.196515217228635802e-05 3.274587862914942301e-05 4.002120781952829814e-05 3.240683314839088862e-05 3.233212839607097129e-05 4.176662812999110808e-05
4.341960859468693332e-05 4.601332369364706949e-05 4.365281038922691015e-05 2.740059215307096748e-05 2.358407131823166817e-05 4.045828891546381654e-05 2.328882308093969283e-05 3.781971667896196973e-05 2.236307980757017212e-05 2.799556681965420347e-05 2.829871126675953931e-05 3.940999329127595311e-05 2.243762340692873912e-05 3.951700838832225787e-05 4.477832403456188872e-05 3.206586634336129290e-05 2.573861613865994902e-05 3.488640449980947271e-05 3.003517310484448409e-05 1.783122389954601780e-05
3.567231170848795993e-05 4.007168069126652561e-05 3.349288927811769378e-05 2.931540161402225396e-05 3.837393203976635663e-05 3.389926145538058847e-05 3.086565727419966998e-05 3.212509686367889041e-05 4.116956496245460453e-05 3.579080256759772162e-05 3.889029037544940230e-05 3.510413410618371270e-05 4.172403721784119734e-05 2.880204061679336204e-05 4.474294703813856314e-05 3.490148670868569347e-05 3.093236250692159029e-05 2.952564759933613172e-05 2.881731367972734673e-05 3.543779982243796872e-05
4.413257425305617567e-05 3.556631392315022223e-05 4.184450581638630854e-05 1.580557873707103830e-05 9.930979691146531190e-06 3.486543132104326598e-05 3.991480254216000405e-05 4.718650465966733203e-05 3.164056320202499685e-05 4.854133294500266490e-05 3.679406612060927306e-05 1.874865402399320747e-05 3.092145949288806526e-05 3.948511411197977910e-05 3.134443122101252145e-05 3.429222980937806649e-05 2.213766862677274492e-05 4.670749806013213692e-05 4.413157668130543231e-05 3.904431529786307552e-05
